0 0.8953125 0.619318181818182 0.759375 0.619318181818182 0.759375 0.7613636363636367 0.8953125 0.7613636363636367
0 0.3484375 0.38636363636363635 0.14843750000000006 0.38636363636363635 0.14843750000000006 0.5142045454545454 0.3484375 0.5142045454545454
0 0.759375 0.46875000000000017 0.6515625 0.46875000000000017 0.6515625 0.556818181818182 0.759375 0.556818181818182
0 0.4796875 0.3039772727272728 0.3390625 0.3039772727272728 0.3390625 0.37784090909090917 0.4796875 0.3778409090909092
0 0.79375 0.3778409090909092 0.7 0.3778409090909092 0.7 0.431818181818182 0.79375 0.431818181818182
0 0.6640625 0.3295454545454547 0.5984375 0.3295454545454547 0.5984375 0.37500000000000017 0.6640625 0.37500000000000017
0 0.9984375 0.5767045454545456 0.903125 0.5767045454545456 0.903125 0.6903409090909093 0.9984375 0.6903409090909093
0 0.525 0.2556818181818183 0.45625 0.2556818181818183 0.45625 0.2869318181818183 0.525 0.2869318181818183
0 0.09375000000000006 0.7244318181818182 4.8794520903527353e-17 0.7244318181818182 5.520478149281428e-17 0.9147727272727273 0.09375000000000007 0.9147727272727273
0 0.659375 0.2613636363636365 0.5671875 0.2613636363636365 0.5671875 0.30965909090909105 0.659375 0.30965909090909105
0 0.5265625 0.4914772727272729 0.4296875 0.4914772727272729 0.4296875 0.5823863636363638 0.5265625 0.5823863636363638