0 0.3765625 0.40625000000000006 0.15156250000000004 0.40625 0.15156250000000004 0.5284090909090909 0.3765625 0.528409090909091
0 0.91875 0.6931818181818183 0.7875 0.6931818181818183 0.7875 0.7869318181818185 0.91875 0.7869318181818185
0 0.778125 0.4857954545454547 0.659375 0.4857954545454547 0.659375 0.5710227272727274 0.778125 0.5710227272727274
0 0.4828125 0.309659090909091 0.34375 0.309659090909091 0.34375 0.3892045454545455 0.4828125 0.38920454545454564
0 0.8015625 0.38920454545454564 0.709375 0.38920454545454564 0.709375 0.4488636363636365 0.8015625 0.4488636363636365
0 1 0.590909090909091 0.915625 0.590909090909091 0.915625 0.7187500000000001 1 0.7187500000000001
0 0.53125 0.26704545454545464 0.46875 0.26704545454545464 0.46875 0.29829545454545464 0.53125 0.29829545454545464
0 0.521875 0.184659090909091 0.475 0.184659090909091 0.475 0.20738636363636373 0.521875 0.20738636363636373
0 0.08906250000000006 0.7414772727272727 4.9942627277728e-17 0.7414772727272727 5.635288786701493e-17 0.9318181818181818 0.08906250000000007 0.9318181818181818
0 0.6671875 0.26420454545454564 0.56875 0.26420454545454564 0.56875 0.32102272727272746 0.6671875 0.32102272727272746
0 0.540625 0.494318181818182 0.434375 0.494318181818182 0.434375 0.6079545454545456 0.540625 0.6079545454545456