0 0.934375 0.715909090909091 0.80625 0.715909090909091 0.80625 0.803977272727273 0.934375 0.803977272727273
0 0.3375 0.4090909090909091 0.15000000000000005 0.4090909090909091 0.15000000000000005 0.5397727272727273 0.3375 0.5397727272727273
0 0.4890625 0.3181818181818183 0.3375 0.3181818181818183 0.3375 0.3948863636363637 0.4890625 0.3948863636363638
0 0.778125 0.49715909090909105 0.65625 0.49715909090909105 0.65625 0.6022727272727274 0.778125 0.6022727272727274
0 0.8125 0.3977272727272729 0.7171875 0.3977272727272729 0.7171875 0.4573863636363638 0.8125 0.4573863636363638
0 0.540625 0.26704545454545464 0.475 0.26704545454545464 0.475 0.2954545454545455 0.540625 0.2954545454545455
0 0.584375 0.24147727272727285 0.509375 0.24147727272727282 0.509375 0.26136363636363646 0.584375 0.2613636363636365
0 0.9984375 0.6022727272727274 0.934375 0.6022727272727274 0.934375 0.7357954545454549 0.9984375 0.7357954545454549
0 0.08437500000000006 0.7642045454545454 5.147343577666219e-17 0.7642045454545454 5.750099424121557e-17 0.9431818181818182 0.08437500000000006 0.9431818181818182
0 0.66875 0.2698863636363638 0.575 0.2698863636363638 0.575 0.32102272727272746 0.66875 0.32102272727272746
0 0.5375 0.5142045454545456 0.4390625 0.5142045454545456 0.4390625 0.6136363636363638 0.5375 0.6136363636363638