0 0.94375 0.7357954545454549 0.8171875 0.7357954545454549 0.8171875 0.832386363636364 0.94375 0.832386363636364
0 0.490625 0.3181818181818183 0.3421875 0.3181818181818183 0.3421875 0.3977272727272728 0.490625 0.3977272727272729
0 0.35 0.4119318181818182 0.13750000000000004 0.4119318181818182 0.13750000000000004 0.5482954545454546 0.35 0.5482954545454546
0 0.7765625 0.5056818181818183 0.6671875 0.5056818181818183 0.6671875 0.5994318181818183 0.7765625 0.5994318181818183
0 0.5421875 0.26704545454545464 0.4765625 0.26704545454545464 0.4765625 0.29829545454545464 0.5421875 0.29829545454545464
0 0.584375 0.24147727272727285 0.5109375 0.24147727272727282 0.5109375 0.2642045454545456 0.584375 0.26420454545454564
0 0.9984375 0.619318181818182 0.940625 0.619318181818182 0.940625 0.7301136363636367 0.9984375 0.7301136363636367
0 0.07031250000000006 0.7840909090909091 5.281289321322961e-17 0.7840909090909091 5.826639849068266e-17 0.9460227272727273 0.07031250000000007 0.9460227272727273
0 0.8171875 0.40340909090909105 0.728125 0.40340909090909105 0.728125 0.4715909090909092 0.8171875 0.4715909090909092
0 0.69375 0.2727272727272729 0.58125 0.2727272727272729 0.58125 0.3323863636363638 0.69375 0.3323863636363638
0 0.5421875 0.5227272727272729 0.4390625 0.5227272727272729 0.4390625 0.6250000000000001 0.5421875 0.6250000000000001