0 1 0.684659090909091 0.85625 0.684659090909091 0.85625 0.832386363636364 1 0.832386363636364
0 0.5203125 0.3267045454545455 0.4390625 0.3267045454545455 0.4390625 0.38068181818181834 0.5203125 0.38068181818181834
0 0.4703125 0.39204545454545464 0.215625 0.39204545454545453 0.215625 0.5681818181818182 0.4703125 0.5681818181818183
0 0.275 0.5625 0.0015625000000000383 0.5625 0.0015625000000000528 0.9943181818181818 0.2750000000000001 0.9943181818181818
0 0.6 0.2869318181818183 0.4953125 0.2869318181818183 0.4953125 0.3125000000000001 0.6 0.31250000000000017
0 0.7453125 0.5142045454545456 0.646875 0.5142045454545456 0.646875 0.6477272727272729 0.7453125 0.6477272727272729
0 0.51875 0.19318181818181826 0.4421875 0.19318181818181826 0.4421875 0.22443181818181826 0.51875 0.22443181818181826
0 0.4734375 0.247159090909091 0.409375 0.247159090909091 0.409375 0.2755681818181819 0.4734375 0.2755681818181819
0 0.734375 0.34375000000000017 0.5875 0.34375000000000017 0.5875 0.4573863636363638 0.734375 0.4573863636363638
0 0.6453125 0.24715909090909108 0.5625 0.24715909090909108 0.5625 0.2926136363636365 0.6453125 0.2926136363636365
0 0.3484375 0.22159090909090917 0.23125 0.22159090909090917 0.23125 0.29829545454545464 0.3484375 0.29829545454545464