0 0.4546875 0.4204545454545455 0.19843750000000004 0.42045454545454547 0.19843750000000004 0.6250000000000001 0.4546875 0.6250000000000001
0 0.6546875 0.26420454545454564 0.5703125 0.26420454545454564 0.5703125 0.3011363636363638 0.6546875 0.3011363636363638
0 0.5234375 0.3380681818181819 0.4359375 0.3380681818181819 0.4359375 0.40340909090909105 0.5234375 0.40340909090909105
0 0.6 0.29829545454545464 0.4984375 0.29829545454545464 0.4984375 0.33238636363636376 0.6 0.3323863636363638
0 0.7703125 0.5539772727272729 0.6625 0.5539772727272729 0.6625 0.7102272727272729 0.7703125 0.7102272727272729
0 0.8109375 0.5056818181818183 0.746875 0.5056818181818183 0.746875 0.5454545454545456 0.8109375 0.5454545454545456
0 1 0.7556818181818185 0.9015625 0.7556818181818185 0.9015625 0.9488636363636367 1 0.9488636363636367
0 0.16406250000000006 0.6363636363636364 4.286263797015736e-17 0.6363636363636364 5.5109105961630896e-17 1 0.16406250000000008 1
0 0.7390625 0.3465909090909092 0.58125 0.3465909090909092 0.58125 0.45170454545454564 0.7390625 0.45170454545454564
0 0.525 0.19602272727272735 0.440625 0.19602272727272735 0.440625 0.23295454545454553 0.525 0.23295454545454553
0 0.3453125 0.22159090909090917 0.2140625 0.22159090909090917 0.2140625 0.31534090909090917 0.3453125 0.31534090909090917