0 0.4921875 0.37215909090909105 0.396875 0.37215909090909105 0.396875 0.41477272727272746 0.4921875 0.41477272727272746
0 0.6625 0.45170454545454564 0.525 0.45170454545454564 0.525 0.5056818181818183 0.6625 0.5056818181818183
0 0.4296875 0.7244318181818182 4.8794520903527353e-17 0.7244318181818182 5.807504742831589e-17 1 0.4296875 1
0 0.559375 0.5227272727272729 0.425 0.5227272727272729 0.425 0.6619318181818183 0.559375 0.6619318181818183
0 0.3296875 0.34090909090909094 0.13906250000000003 0.3409090909090909 0.13906250000000003 0.48295454545454547 0.3296875 0.48295454545454547
0 0.75 0.37215909090909105 0.61875 0.37215909090909105 0.61875 0.4488636363636365 0.75 0.4488636363636365
0 0.5484375 0.27840909090909105 0.453125 0.278409090909091 0.453125 0.3267045454545456 0.5484375 0.32670454545454564
0 0.4796875 0.22159090909090917 0.43125 0.22159090909090917 0.43125 0.23863636363636373 0.4796875 0.23863636363636373
0 0.7171875 0.559659090909091 0.6703125 0.559659090909091 0.6703125 0.5823863636363638 0.7171875 0.5823863636363638
0 0.9390625 0.588068181818182 0.6484375 0.588068181818182 0.6484375 0.8750000000000001 0.9390625 0.8750000000000003
0 0.4 0.2727272727272728 0.3390625 0.2727272727272728 0.3390625 0.32386363636363646 0.4 0.32386363636363646