0 0.3921875000000001 0.7727272727272727 0.01718750000000005 0.7727272727272727 0.017187500000000057 1 0.3921875000000001 1
0 0.5890625 0.525568181818182 0.440625 0.525568181818182 0.440625 0.6875000000000001 0.5890625 0.6875000000000001
0 0.40625 0.24147727272727282 0.340625 0.24147727272727282 0.340625 0.29261363636363646 0.40625 0.29261363636363646
0 0.68125 0.431818181818182 0.534375 0.431818181818182 0.534375 0.47443181818181834 0.68125 0.47443181818181834
0 0.5734375 0.23579545454545467 0.4703125 0.2357954545454546 0.4703125 0.2812500000000001 0.5734375 0.28125000000000017
0 0.778125 0.338068181818182 0.65 0.338068181818182 0.65 0.4176136363636365 0.778125 0.4176136363636365
0 0.4984375 0.34375000000000006 0.4015625 0.34375000000000006 0.4015625 0.3977272727272729 0.4984375 0.3977272727272729
0 0.20625 0.39204545454545453 0.12968750000000004 0.39204545454545453 0.12968750000000004 0.4744318181818182 0.20625 0.4744318181818182
0 0.7546875 0.5482954545454547 0.703125 0.5482954545454547 0.703125 0.5767045454545456 0.7546875 0.5767045454545456
0 1 0.5767045454545456 0.690625 0.5767045454545456 0.690625 0.9545454545454547 1 0.9545454545454549
0 0.3203125 0.3352272727272728 0.19375000000000003 0.3352272727272728 0.19375000000000003 0.4090909090909091 0.3203125 0.4090909090909091