0 0.3781250000000001 0.78125 0.03593750000000005 0.78125 0.03593750000000006 1 0.3781250000000001 1
0 0.784375 0.30965909090909105 0.653125 0.30965909090909105 0.653125 0.3948863636363638 0.784375 0.3948863636363638
0 0.4015625 0.215909090909091 0.328125 0.215909090909091 0.328125 0.278409090909091 0.4015625 0.278409090909091
0 0.2015625 0.3693181818181818 0.11406250000000004 0.3693181818181818 0.11406250000000004 0.45454545454545453 0.2015625 0.45454545454545453
0 0.590625 0.5085227272727274 0.4375 0.5085227272727274 0.4375 0.6931818181818183 0.590625 0.6931818181818183
0 0.4875 0.17329545454545464 0.378125 0.1732954545454546 0.378125 0.215909090909091 0.4875 0.215909090909091
0 0.4984375 0.3267045454545455 0.4 0.3267045454545455 0.4 0.37215909090909105 0.4984375 0.37215909090909105
0 0.69375 0.41477272727272746 0.5328125 0.41477272727272746 0.5328125 0.4602272727272729 0.69375 0.4602272727272729
0 0.3234375 0.3068181818181819 0.1640625 0.3068181818181818 0.16406250000000003 0.4289772727272727 0.3234375 0.4289772727272727
0 0.5796875 0.21022727272727285 0.4734375 0.21022727272727282 0.4734375 0.2528409090909092 0.5796875 0.2528409090909092
0 1 0.5625000000000001 0.68125 0.5625000000000001 0.68125 0.9488636363636366 1 0.9488636363636367