0 0.475 0.28125000000000006 0.34375 0.28125000000000006 0.34375 0.34375000000000006 0.475 0.34375000000000006
0 0.40625 0.3551136363636364 0.16562500000000005 0.35511363636363635 0.16562500000000005 0.4744318181818183 0.40625 0.47443181818181834
0 0.721875 0.431818181818182 0.628125 0.431818181818182 0.628125 0.5056818181818183 0.721875 0.5056818181818183
0 0.3265625000000001 0.8551136363636364 0.09687500000000007 0.8551136363636364 0.09687500000000007 1 0.3265625000000001 1
0 0.83125 0.5653409090909093 0.71875 0.5653409090909093 0.71875 0.6619318181818183 0.83125 0.6619318181818183
0 0.7546875 0.35227272727272746 0.6828125 0.35227272727272746 0.6828125 0.40340909090909105 0.7546875 0.40340909090909105
0 0.96875 0.5227272727272729 0.84375 0.5227272727272729 0.84375 0.6278409090909093 0.96875 0.6278409090909093
0 0.51875 0.2443181818181819 0.459375 0.2443181818181819 0.459375 0.2698863636363637 0.51875 0.2698863636363637
0 0.5609375 0.21590909090909102 0.4953125 0.215909090909091 0.4953125 0.23863636363636376 0.5609375 0.23863636363636379
0 0.12656250000000005 0.6278409090909091 0.014062500000000044 0.6278409090909091 0.01406250000000005 0.7897727272727273 0.12656250000000005 0.7897727272727273
0 0.6453125 0.2414772727272729 0.5578125 0.2414772727272729 0.5578125 0.2926136363636365 0.6453125 0.2926136363636365
0 0.521875 0.44318181818181834 0.4296875 0.44318181818181834 0.4296875 0.5113636363636366 0.521875 0.5113636363636366