0 0.86875 0.590909090909091 0.7359375 0.590909090909091 0.7359375 0.7073863636363638 0.86875 0.7073863636363638
0 0.4015625 0.3693181818181819 0.14375000000000004 0.3693181818181818 0.14375000000000004 0.4943181818181819 0.4015625 0.494318181818182
0 0.7359375 0.4488636363636365 0.63125 0.4488636363636365 0.63125 0.5227272727272729 0.7359375 0.5227272727272729
0 0.4765625 0.28977272727272735 0.3375 0.28977272727272735 0.3375 0.3636363636363637 0.4765625 0.3636363636363638
0 0.51875 0.247159090909091 0.4609375 0.247159090909091 0.4609375 0.2755681818181819 0.51875 0.2755681818181819
0 0.559375 0.2187500000000001 0.49375 0.21875000000000008 0.49375 0.23863636363636376 0.559375 0.23863636363636379
0 0.10468750000000004 0.6846590909090909 4.6115606030392526e-17 0.6846590909090909 5.223884002612929e-17 0.8664772727272727 0.10468750000000004 0.8664772727272727
0 0.7671875 0.3636363636363638 0.6875 0.3636363636363638 0.6875 0.41193181818181834 0.7671875 0.41193181818181834
0 0.6421875 0.24715909090909108 0.559375 0.24715909090909108 0.559375 0.2926136363636365 0.6421875 0.2926136363636365
0 1 0.5482954545454547 0.875 0.5482954545454547 0.875 0.653409090909091 1 0.653409090909091
0 0.5328125 0.46875000000000017 0.4265625 0.46875000000000017 0.4265625 0.5539772727272729 0.5328125 0.5539772727272729