0 0.496875 0.369318181818182 0.4 0.369318181818182 0.4 0.4176136363636365 0.496875 0.4176136363636365
0 0.584375 0.5397727272727274 0.43125 0.5397727272727274 0.43125 0.6960227272727274 0.584375 0.6960227272727274
0 0.3843750000000001 0.7727272727272727 0.04375000000000005 0.7727272727272727 0.04375000000000006 1 0.3843750000000001 1
0 0.7765625 0.3664772727272729 0.640625 0.3664772727272729 0.640625 0.4403409090909092 0.7765625 0.4403409090909092
0 0.33125 0.34375000000000006 0.15625000000000006 0.34375 0.15625000000000006 0.48579545454545453 0.33125 0.48579545454545453
0 0.209375 0.4119318181818182 0.12812500000000004 0.4119318181818182 0.12812500000000004 0.48295454545454547 0.209375 0.48295454545454547
0 0.6890625 0.4573863636363638 0.5328125 0.4573863636363638 0.5328125 0.5170454545454547 0.6890625 0.5170454545454547
0 0.4046875 0.26704545454545464 0.328125 0.26704545454545464 0.328125 0.32102272727272735 0.4046875 0.32102272727272735
0 0.5765625 0.26704545454545464 0.4734375 0.26704545454545464 0.4734375 0.30965909090909105 0.5765625 0.30965909090909105
0 0.4828125 0.23011363636363644 0.3828125 0.23011363636363644 0.3828125 0.26704545454545464 0.4828125 0.26704545454545464
0 0.546875 0.27840909090909105 0.4609375 0.278409090909091 0.4609375 0.33238636363636376 0.546875 0.3323863636363638
0 0.9859375 0.5738636363636366 0.66875 0.5738636363636366 0.66875 0.9431818181818183 0.9859375 0.9431818181818185