0 0.7875 0.3039772727272729 0.65 0.3039772727272729 0.65 0.3920454545454547 0.7875 0.3920454545454547
0 0.59375 0.525568181818182 0.4234375 0.525568181818182 0.4234375 0.7187500000000001 0.59375 0.7187500000000001
0 0.7125 0.4232954545454547 0.5359375 0.4232954545454547 0.5359375 0.4857954545454547 0.7125 0.4857954545454547
0 0.3062500000000001 0.8380681818181818 0.012500000000000056 0.8380681818181818 0.012500000000000061 1 0.3062500000000001 1
0 0.4875 0.32102272727272735 0.3890625 0.32102272727272735 0.3890625 0.37215909090909105 0.4875 0.37215909090909105
0 0.3015625 0.3068181818181819 0.1640625 0.3068181818181818 0.16406250000000003 0.38636363636363635 0.3015625 0.38636363636363635
0 0.571875 0.20170454545454558 0.45 0.20170454545454553 0.45 0.26136363636363646 0.571875 0.2613636363636365
0 0.4625 0.1562500000000001 0.35625 0.15625000000000008 0.35625 0.20170454545454553 0.4625 0.20170454545454553
0 0.3890625 0.21022727272727282 0.3171875 0.21022727272727282 0.3171875 0.26136363636363646 0.3890625 0.26136363636363646
0 0.16875000000000004 0.3835227272727273 0.08593750000000003 0.3835227272727273 0.08593750000000003 0.4744318181818182 0.16875000000000004 0.4744318181818182
0 1 0.5767045454545456 0.7015625 0.5767045454545456 0.7015625 1.0000000000000002 1 1.0000000000000002