0 0.6203125 0.28693181818181834 0.55625 0.28693181818181834 0.55625 0.31250000000000017 0.6203125 0.31250000000000017
0 0.6234375 0.3295454545454547 0.58125 0.3295454545454547 0.58125 0.35227272727272746 0.6234375 0.35227272727272746
0 0.6796875 0.34943181818181834 0.6359375 0.34943181818181834 0.6359375 0.3778409090909092 0.6796875 0.3778409090909092
0 0.428125 0.32102272727272735 0.1984375 0.32102272727272735 0.19843750000000002 0.4431818181818183 0.428125 0.44318181818181834
0 0.603125 0.3863636363636365 0.5203125 0.3863636363636365 0.5203125 0.43750000000000017 0.603125 0.43750000000000017
0 0.6375 0.44602272727272746 0.559375 0.44602272727272746 0.559375 0.5198863636363638 0.6375 0.5198863636363638
0 0.603125 0.6761363636363638 0.3593750000000001 0.6761363636363636 0.3593750000000001 0.9204545454545454 0.603125 0.9204545454545454
0 0.5796875 0.16193181818181832 0.521875 0.16193181818181832 0.521875 0.1875000000000001 0.5796875 0.18750000000000017
0 0.559375 0.1960227272727274 0.4828125 0.19602272727272735 0.4828125 0.2187500000000001 0.559375 0.21875000000000017
0 0.5796875 0.24147727272727285 0.5078125 0.24147727272727282 0.5078125 0.2727272727272729 0.5796875 0.2727272727272729
0 0.425 0.25000000000000006 0.375 0.25000000000000006 0.375 0.2698863636363637 0.425 0.2698863636363637