0 0.7716346153846154 0.7091346153846154 0.512019230769231 0.7091346153846154 0.512019230769231 0.9134615384615384 0.7716346153846154 0.9134615384615384
0 0.7572115384615384 0.4471153846153847 0.5480769230769231 0.44711538461538464 0.5480769230769231 0.5384615384615385 0.7572115384615384 0.5384615384615385
0 0.84375 0.3629807692307694 0.6634615384615384 0.3629807692307694 0.6634615384615384 0.4134615384615386 0.84375 0.4134615384615386
0 0.8293269230769231 0.29326923076923084 0.7067307692307693 0.29326923076923084 0.7067307692307693 0.33413461538461553 0.8293269230769231 0.33413461538461553
0 0.7451923076923077 0.26682692307692313 0.6370192307692307 0.26682692307692313 0.6370192307692307 0.3004807692307693 0.7451923076923077 0.3004807692307693
0 0.6923076923076923 0.24519230769230776 0.5961538461538461 0.24519230769230776 0.5961538461538461 0.2716346153846155 0.6923076923076923 0.2716346153846155
0 0.7451923076923077 0.20432692307692316 0.6778846153846154 0.20432692307692316 0.6778846153846154 0.23076923076923084 0.7451923076923077 0.23076923076923084
0 0.5 0.3870192307692308 0.37740384615384615 0.3870192307692308 0.37740384615384615 0.43509615384615385 0.5 0.43509615384615385
0 0.4879807692307692 0.34615384615384615 0.39903846153846156 0.34615384615384615 0.39903846153846156 0.3870192307692308 0.4879807692307692 0.3870192307692308
0 0.5745192307692307 0.3004807692307693 0.5 0.3004807692307693 0.5 0.3317307692307693 0.5745192307692307 0.3317307692307694
0 0.4326923076923077 0.31009615384615385 0.34134615384615385 0.31009615384615385 0.34134615384615385 0.34375 0.4326923076923077 0.34375
0 0.36538461538461536 0.35336538461538464 0.3028846153846155 0.35336538461538464 0.3028846153846155 0.38461538461538464 0.36538461538461536 0.38461538461538464
0 0.13701923076923087 0.7043269230769231 0.014423076923077009 0.7043269230769231 0.014423076923077014 0.8052884615384616 0.13701923076923087 0.8052884615384616