0 0.7140625 0.4090909090909092 0.6203125 0.4090909090909092 0.6203125 0.4801136363636365 0.7140625 0.4801136363636365
0 0.3437500000000001 0.7443181818181818 0.14218750000000005 0.7443181818181818 0.14218750000000005 0.9744318181818182 0.3437500000000001 0.9744318181818182
0 0.4765625 0.26704545454545464 0.3546875 0.26704545454545464 0.3546875 0.32954545454545464 0.4765625 0.32954545454545464
0 0.80625 0.5142045454545456 0.7046875 0.5142045454545456 0.7046875 0.6051136363636366 0.80625 0.6051136363636366
0 0.396875 0.340909090909091 0.18906250000000005 0.340909090909091 0.18906250000000005 0.43750000000000006 0.396875 0.43750000000000017
0 0.5234375 0.2357954545454546 0.46875 0.2357954545454546 0.46875 0.25852272727272735 0.5234375 0.25852272727272735
0 0.15781250000000005 0.5767045454545454 0.06718750000000004 0.5767045454545454 0.06718750000000004 0.7073863636363636 0.15781250000000005 0.7073863636363636
0 0.6421875 0.2329545454545456 0.5609375 0.2329545454545456 0.5609375 0.28977272727272746 0.6421875 0.28977272727272746
0 0.934375 0.4801136363636365 0.81875 0.4801136363636365 0.81875 0.5795454545454547 0.934375 0.5795454545454547
0 0.7515625 0.32670454545454564 0.671875 0.32670454545454564 0.671875 0.38920454545454564 0.7515625 0.38920454545454564
0 0.528125 0.42045454545454564 0.434375 0.42045454545454564 0.434375 0.4857954545454547 0.528125 0.4857954545454547