0 0.7109375 0.41477272727272746 0.61875 0.41477272727272746 0.61875 0.47443181818181834 0.7109375 0.47443181818181834
0 0.409375 0.340909090909091 0.18750000000000006 0.340909090909091 0.18750000000000006 0.4431818181818183 0.409375 0.44318181818181834
0 0.48125 0.2698863636363637 0.353125 0.2698863636363637 0.353125 0.3352272727272728 0.48125 0.3352272727272728
0 0.34062500000000007 0.7727272727272727 0.12656250000000005 0.7727272727272727 0.12656250000000008 0.9943181818181818 0.34062500000000007 0.9943181818181818
0 0.95 0.494318181818182 0.828125 0.494318181818182 0.828125 0.590909090909091 0.95 0.590909090909091
0 0.8109375 0.525568181818182 0.7078125 0.525568181818182 0.7078125 0.6250000000000001 0.8109375 0.6250000000000001
0 0.7546875 0.338068181818182 0.671875 0.338068181818182 0.671875 0.38920454545454564 0.7546875 0.38920454545454564
0 0.525 0.23295454545454553 0.465625 0.23295454545454553 0.465625 0.26136363636363646 0.525 0.26136363636363646
0 0.14843750000000006 0.5823863636363636 0.04843750000000004 0.5823863636363636 0.04843750000000004 0.7215909090909091 0.14843750000000006 0.7215909090909091
0 0.6421875 0.23863636363636379 0.559375 0.23863636363636379 0.559375 0.28977272727272746 0.6421875 0.28977272727272746
0 0.5265625 0.4261363636363638 0.4328125 0.4261363636363638 0.4328125 0.494318181818182 0.5265625 0.494318181818182