0 0.721875 0.43465909090909105 0.621875 0.43465909090909105 0.621875 0.5142045454545456 0.721875 0.5142045454545456
0 0.4734375 0.28409090909090917 0.340625 0.28409090909090917 0.340625 0.3494318181818183 0.4734375 0.3494318181818183
0 0.409375 0.3607954545454546 0.15625000000000006 0.36079545454545453 0.15625000000000006 0.47727272727272735 0.409375 0.47727272727272746
0 0.846875 0.5681818181818183 0.7265625 0.5681818181818183 0.7265625 0.6732954545454547 0.846875 0.6732954545454547
0 0.3109375000000001 0.8806818181818182 0.11718750000000004 0.8806818181818182 0.11718750000000007 1 0.3109375000000001 1
0 0.51875 0.2443181818181819 0.4578125 0.2443181818181819 0.4578125 0.2698863636363637 0.51875 0.2698863636363637
0 0.5578125 0.21590909090909102 0.4953125 0.215909090909091 0.4953125 0.23863636363636376 0.5578125 0.23863636363636379
0 0.9828125 0.5340909090909093 0.853125 0.5340909090909093 0.853125 0.6306818181818183 0.9828125 0.6306818181818183
0 0.7640625 0.34943181818181834 0.6796875 0.34943181818181834 0.6796875 0.40625000000000017 0.7640625 0.40625000000000017
0 0.11718750000000004 0.6505681818181818 0.004687500000000044 0.6505681818181818 0.00468750000000005 0.8210227272727273 0.11718750000000004 0.8210227272727273
0 0.64375 0.244318181818182 0.5578125 0.244318181818182 0.5578125 0.29545454545454564 0.64375 0.29545454545454564
0 0.515625 0.4573863636363638 0.425 0.4573863636363638 0.425 0.5312500000000001 0.515625 0.5312500000000001