0 0.8875 0.7073863636363638 0.7109375 0.7073863636363638 0.7109375 0.8778409090909093 0.8875 0.8778409090909094
0 0.35000000000000003 0.48579545454545453 0.003125000000000033 0.48579545454545453 0.003125000000000042 0.7414772727272727 0.3500000000000001 0.7414772727272727
0 0.5484375 0.6988636363636365 0.3218750000000001 0.6988636363636364 0.3218750000000001 0.9517045454545454 0.5484375 0.9517045454545454
0 0.5140625 0.2869318181818183 0.4484375 0.2869318181818183 0.4484375 0.3267045454545455 0.5140625 0.3267045454545455
0 0.4734375 0.34659090909090917 0.2875 0.34659090909090917 0.2875 0.46875000000000006 0.4734375 0.46875000000000017
0 0.4796875 0.22727272727272735 0.41875 0.22727272727272735 0.41875 0.25284090909090917 0.4796875 0.25284090909090917
0 0.565625 0.2500000000000001 0.4921875 0.25000000000000006 0.4921875 0.2727272727272729 0.565625 0.2727272727272729
0 0.6984375 0.4176136363636365 0.60625 0.4176136363636365 0.60625 0.48295454545454564 0.6984375 0.48295454545454564
0 0.5125 0.1818181818181819 0.4453125 0.1818181818181819 0.4453125 0.20738636363636373 0.5125 0.20738636363636373
0 0.40625 0.184659090909091 0.3546875 0.184659090909091 0.3546875 0.2130681818181819 0.40625 0.2130681818181819
0 0.6875 0.29545454545454564 0.5734375 0.29545454545454564 0.5734375 0.37500000000000017 0.6875 0.37500000000000017
0 0.9171875 0.5170454545454547 0.7890625 0.5170454545454547 0.7890625 0.6420454545454547 0.9171875 0.6420454545454547
0 0.3671875 0.22159090909090917 0.26875 0.22159090909090917 0.26875 0.28125000000000006 0.3671875 0.28125000000000006