0 0.353125 0.4914772727272727 0.0015625000000000333 0.4914772727272727 0.0015625000000000424 0.7670454545454546 0.3531250000000001 0.7670454545454546
0 0.90625 0.7357954545454547 0.7140625 0.7357954545454546 0.7140625 0.9176136363636366 0.90625 0.9176136363636367
0 0.471875 0.35511363636363646 0.2609375 0.35511363636363646 0.2609375 0.4744318181818183 0.471875 0.47443181818181834
0 0.5546875 0.7272727272727273 0.3234375000000001 0.7272727272727273 0.3234375000000001 0.9886363636363636 0.5546875 0.9886363636363636
0 0.51875 0.29261363636363646 0.434375 0.29261363636363646 0.434375 0.3352272727272728 0.51875 0.3352272727272728
0 0.5734375 0.2642045454545456 0.4890625 0.2642045454545455 0.4890625 0.2869318181818183 0.5734375 0.28693181818181834
0 0.5140625 0.18750000000000008 0.4515625 0.18750000000000008 0.4515625 0.215909090909091 0.5140625 0.215909090909091
0 0.365625 0.23011363636363644 0.265625 0.23011363636363644 0.265625 0.28125000000000006 0.365625 0.28125000000000006
0 0.6921875 0.3039772727272729 0.575 0.3039772727272729 0.575 0.38068181818181834 0.6921875 0.38068181818181834
0 0.925 0.5312500000000001 0.7921875 0.5312500000000001 0.7921875 0.6647727272727274 0.925 0.6647727272727274
0 0.7078125 0.40340909090909105 0.6203125 0.40340909090909105 0.6203125 0.5170454545454547 0.7078125 0.5170454545454547