0 0.4703125 0.3806818181818183 0.2484375 0.3806818181818182 0.2484375 0.5170454545454546 0.4703125 0.5170454545454547
0 0.990625 0.5965909090909093 0.8140625 0.5965909090909093 0.8140625 0.769886363636364 0.990625 0.769886363636364
0 0.51875 0.31250000000000006 0.44375 0.31250000000000006 0.44375 0.3636363636363638 0.51875 0.3636363636363638
0 0.9765625 0.866477272727273 0.7421875 0.866477272727273 0.7421875 1.0000000000000002 0.9765625 1.0000000000000002
0 0.3296875 0.5454545454545454 0.003125000000000036 0.5454545454545454 0.003125000000000048 0.8863636363636364 0.3296875000000001 0.8863636363636364
0 0.571875 0.8380681818181818 0.3109375000000001 0.8380681818181818 0.3109375000000001 1 0.571875 1
0 0.596875 0.27840909090909105 0.4953125 0.278409090909091 0.4953125 0.3039772727272729 0.596875 0.3039772727272729
0 0.7171875 0.463068181818182 0.628125 0.463068181818182 0.628125 0.5681818181818183 0.7171875 0.5681818181818183
0 0.475 0.24147727272727282 0.4078125 0.24147727272727282 0.4078125 0.2698863636363637 0.475 0.2698863636363637
0 0.7125 0.3238636363636365 0.58125 0.3238636363636365 0.58125 0.4176136363636365 0.7125 0.4176136363636365
0 0.359375 0.23295454545454553 0.259375 0.23295454545454553 0.259375 0.29829545454545464 0.359375 0.29829545454545464
0 0.6359375 0.23863636363636379 0.5609375 0.23863636363636379 0.5609375 0.275568181818182 0.6359375 0.275568181818182