0 0.4578125 0.3948863636363637 0.228125 0.39488636363636365 0.228125 0.5539772727272728 0.4578125 0.5539772727272729
0 0.9953125 0.6676136363636366 0.8421875 0.6676136363636366 0.8421875 0.8068181818181821 0.9953125 0.8068181818181821
0 0.5890625 0.2840909090909092 0.490625 0.28409090909090917 0.490625 0.30965909090909105 0.5890625 0.30965909090909105
0 0.5171875 0.32102272727272735 0.4375 0.32102272727272735 0.4375 0.37215909090909105 0.5171875 0.37215909090909105
0 0.734375 0.5000000000000001 0.6453125 0.5000000000000001 0.6453125 0.622159090909091 0.734375 0.622159090909091
0 0.290625 0.5426136363636364 3.654805291205382e-17 0.5426136363636364 5.195181343257913e-17 1 0.2906250000000001 1
0 0.3515625 0.22727272727272735 0.246875 0.22727272727272735 0.246875 0.2954545454545455 0.3515625 0.2954545454545455
0 0.471875 0.24147727272727282 0.403125 0.24147727272727282 0.403125 0.2698863636363637 0.471875 0.2698863636363637
0 0.715625 0.3323863636363638 0.584375 0.3323863636363638 0.584375 0.431818181818182 0.715625 0.431818181818182
0 0.640625 0.25000000000000017 0.5640625 0.25000000000000017 0.5640625 0.28125000000000017 0.640625 0.28125000000000017
0 0.5265625 0.18750000000000008 0.446875 0.18750000000000008 0.446875 0.21875000000000008 0.5265625 0.21875000000000008