0 0.659375 0.46590909090909105 0.521875 0.46590909090909105 0.521875 0.5113636363636366 0.659375 0.5113636363636366
0 0.4859375 0.38068181818181834 0.390625 0.38068181818181834 0.390625 0.4289772727272729 0.4859375 0.4289772727272729
0 0.4 0.7528409090909091 0.01406250000000005 0.7528409090909091 0.014062500000000058 1 0.4 1
0 0.2046875 0.4147727272727273 0.13437500000000005 0.4147727272727273 0.13437500000000005 0.48295454545454547 0.2046875 0.48295454545454547
0 0.55625 0.5426136363636366 0.425 0.5426136363636366 0.425 0.6789772727272729 0.55625 0.6789772727272729
0 0.7484375 0.37215909090909105 0.6125 0.37215909090909105 0.6125 0.4545454545454547 0.7484375 0.4545454545454547
0 0.3984375 0.29261363636363646 0.321875 0.29261363636363646 0.321875 0.3323863636363637 0.3984375 0.3323863636363637
0 0.3171875 0.3579545454545455 0.18906250000000005 0.3579545454545455 0.18906250000000005 0.44886363636363635 0.3171875 0.44886363636363635
0 0.5625 0.2897727272727274 0.4625 0.28977272727272735 0.4625 0.3267045454545456 0.5625 0.32670454545454564
0 0.4703125 0.2443181818181819 0.3765625 0.2443181818181819 0.3765625 0.28409090909090917 0.4703125 0.28409090909090917
0 0.953125 0.5937500000000001 0.6546875 0.5937500000000001 0.6546875 0.9289772727272729 0.953125 0.928977272727273