0 0.05468750000000004 0.5795454545454546 3.903561672282188e-17 0.5795454545454546 4.1618856064773335e-17 0.65625 0.05468750000000004 0.65625
0 0.4828125 0.23863636363636373 0.4234375 0.23863636363636373 0.4234375 0.26704545454545464 0.4828125 0.26704545454545464
0 0.478125 0.5710227272727274 0.3109375 0.5710227272727273 0.31093750000000003 0.7017045454545455 0.478125 0.7017045454545456
0 0.603125 0.33806818181818193 0.4640625 0.3380681818181819 0.4640625 0.40340909090909105 0.603125 0.40340909090909105
0 0.965625 0.5767045454545456 0.7078125 0.5767045454545456 0.7078125 0.7840909090909093 0.965625 0.7840909090909094
0 0.3609375 0.3778409090909091 0.2796875 0.3778409090909091 0.2796875 0.4346590909090909 0.3609375 0.4346590909090909
0 0.3546875 0.3323863636363637 0.2828125 0.3323863636363637 0.2828125 0.3806818181818182 0.3546875 0.3806818181818182
0 0.4640625 0.2954545454545455 0.371875 0.2954545454545455 0.371875 0.3323863636363637 0.4640625 0.3323863636363637
0 0.578125 0.23863636363636376 0.5296875 0.23863636363636373 0.5296875 0.2840909090909092 0.578125 0.2840909090909092
0 0.6953125 0.2670454545454547 0.6296875 0.2670454545454547 0.6296875 0.31818181818181834 0.6953125 0.31818181818181834
0 0.765625 0.23863636363636379 0.7046875 0.23863636363636379 0.7046875 0.3039772727272729 0.765625 0.3039772727272729