0 0.6125 0.306818181818182 0.5453125 0.306818181818182 0.5453125 0.34090909090909105 0.6125 0.34090909090909105
0 0.6203125 0.3551136363636365 0.56875 0.3551136363636365 0.56875 0.38068181818181834 0.6203125 0.38068181818181834
0 0.68125 0.369318181818182 0.63125 0.369318181818182 0.63125 0.4176136363636365 0.68125 0.4176136363636365
0 0.3984375 0.3323863636363637 0.13281250000000006 0.33238636363636365 0.13281250000000006 0.5028409090909092 0.3984375 0.5028409090909093
0 0.6015625 0.43750000000000017 0.49375 0.43750000000000017 0.49375 0.5000000000000001 0.6015625 0.5000000000000001
0 0.6140625 0.5142045454545456 0.5328125 0.5142045454545456 0.5328125 0.6164772727272729 0.6140625 0.6164772727272729
0 0.4953125 0.8522727272727273 0.2468750000000001 0.8522727272727273 0.2468750000000001 1 0.4953125 1
0 0.5828125 0.1590909090909092 0.5125 0.1590909090909092 0.5125 0.18181818181818193 0.5828125 0.181818181818182
0 0.5578125 0.19318181818181832 0.4765625 0.19318181818181826 0.4765625 0.2187500000000001 0.5578125 0.21875000000000017
0 0.584375 0.24431818181818193 0.509375 0.2443181818181819 0.509375 0.27840909090909105 0.584375 0.27840909090909105
0 0.4078125 0.25000000000000006 0.346875 0.25000000000000006 0.346875 0.28125000000000006 0.4078125 0.28125000000000006