0 0.5336538461538463 0.6634615384615384 0.31009615384615397 0.6634615384615384 0.31009615384615397 0.7716346153846154 0.5336538461538463 0.7716346153846154
0 0.7211538461538461 0.7860576923076923 0.591346153846154 0.7860576923076923 0.591346153846154 0.90625 0.7211538461538461 0.90625
0 0.6322115384615384 0.6057692307692308 0.5168269230769232 0.6057692307692307 0.5168269230769232 0.6706730769230769 0.6322115384615384 0.6706730769230769
0 0.591346153846154 0.5432692307692308 0.49759615384615385 0.5432692307692307 0.4975961538461539 0.5937500000000001 0.591346153846154 0.5937500000000001
0 0.47836538461538475 0.5841346153846154 0.3822115384615386 0.5841346153846154 0.3822115384615386 0.6346153846153846 0.47836538461538475 0.6346153846153846
0 0.46153846153846156 0.49038461538461536 0.375 0.49038461538461536 0.375 0.5240384615384616 0.46153846153846156 0.5240384615384616
0 0.6995192307692307 0.4591346153846155 0.5360576923076923 0.45913461538461536 0.5360576923076923 0.5000000000000001 0.6995192307692307 0.5000000000000001
0 0.7740384615384616 0.49759615384615397 0.6754807692307693 0.49759615384615397 0.6754807692307693 0.5384615384615385 0.7740384615384616 0.5384615384615385
0 0.5721153846153846 0.420673076923077 0.4831730769230769 0.4206730769230769 0.4831730769230769 0.4471153846153847 0.5721153846153846 0.44711538461538475
0 0.15625000000000006 0.6129807692307693 7.50684936977344e-17 0.6129807692307693 8.051463931894259e-17 0.7019230769230769 0.15625000000000006 0.7019230769230769
0 0.18028846153846162 0.5600961538461539 0.07932692307692314 0.5600961538461539 0.07932692307692314 0.6033653846153846 0.18028846153846162 0.6033653846153846
0 0.23557692307692316 0.5144230769230769 0.12259615384615391 0.5144230769230769 0.12259615384615391 0.5649038461538461 0.23557692307692316 0.5649038461538461
0 0.2788461538461539 0.4567307692307692 0.21153846153846162 0.4567307692307692 0.21153846153846162 0.4807692307692308 0.2788461538461539 0.4807692307692308
0 0.34615384615384615 0.4230769230769231 0.27644230769230776 0.4230769230769231 0.27644230769230776 0.44711538461538464 0.34615384615384615 0.44711538461538464
0 0.32211538461538464 0.3798076923076923 0.21394230769230776 0.3798076923076923 0.21394230769230776 0.4110576923076923 0.32211538461538464 0.4110576923076923
0 0.4495192307692308 0.33653846153846156 0.34615384615384615 0.33653846153846156 0.34615384615384615 0.3629807692307692 0.4495192307692308 0.3629807692307692
0 0.3870192307692308 0.3629807692307692 0.32211538461538464 0.3629807692307692 0.32211538461538464 0.38461538461538464 0.3870192307692308 0.38461538461538464
0 0.5408653846153846 0.37740384615384615 0.4831730769230769 0.37740384615384615 0.4831730769230769 0.39903846153846156 0.5408653846153846 0.39903846153846156