0 0.07211538461538461 0.03125000000000001 0.03125 0.03125 0.03125000000000001 0.045673076923076934 0.07211538461538461 0.04567307692307694
0 0.04807692307692309 0.0625 7.654042494670958e-18 0.0625 9.567553118338697e-18 0.09375 0.048076923076923093 0.09375
0 0.15144230769230768 0.04086538461538463 0.07692307692307693 0.04086538461538463 0.07692307692307693 0.07451923076923078 0.15144230769230768 0.07451923076923078
0 0.16105769230769232 1.6927209363214617e-17 0.11538461538461539 1.4130539990161767e-17 0.11538461538461539 0.012019230769230786 0.16105769230769232 0.01201923076923079
0 0.11778846153846154 0.016826923076923087 0.07932692307692307 0.016826923076923087 0.07932692307692307 0.033653846153846166 0.11778846153846154 0.03365384615384617
0 0.09615384615384616 8.831587493851106e-18 0.04807692307692308 5.887724995900737e-18 0.04807692307692308 0.012019230769230779 0.09615384615384616 0.012019230769230782
0 0.04807692307692308 3.827021247335479e-18 0.014423076923076924 1.766317498770221e-18 0.014423076923076924 0.004807692307692312 0.04807692307692308 0.004807692307692314
0 0.021634615384615384 0.002403846153846155 2.9438624979503682e-19 0.002403846153846154 1.1775449991801473e-18 0.01682692307692308 0.021634615384615384 0.01682692307692308
0 0.5480769230769231 0.35336538461538464 0.41586538461538464 0.35336538461538464 0.41586538461538464 0.44711538461538464 0.5480769230769231 0.44711538461538464
0 0.7740384615384616 0.19951923076923084 0.7355769230769231 0.19951923076923084 0.7355769230769231 0.22596153846153852 0.7740384615384616 0.22596153846153852
0 0.560096153846154 0.7932692307692307 0.5024038461538463 0.7932692307692307 0.5024038461538463 0.8413461538461539 0.560096153846154 0.8413461538461539