0 0.8245192307692307 0.45432692307692324 0.7644230769230769 0.45432692307692324 0.7644230769230769 0.5072115384615385 0.8245192307692307 0.5072115384615385
0 0.7451923076923077 0.3173076923076924 0.4951923076923077 0.3173076923076923 0.4951923076923077 0.39182692307692313 0.7451923076923077 0.39182692307692324
0 0.24278846153846162 0.4831730769230769 0.004807692307692368 0.4831730769230769 0.004807692307692384 0.7740384615384616 0.24278846153846162 0.7740384615384616
0 0.10096153846153857 0.7860576923076923 9.626430368297705e-17 0.7860576923076923 1.0921729867395866e-16 0.9975961538461539 0.1009615384615386 0.9975961538461539
0 0.7451923076923077 0.7115384615384616 0.37259615384615397 0.7115384615384616 0.37259615384615397 0.9783653846153846 0.7451923076923077 0.9783653846153846
0 0.7980769230769231 0.6538461538461539 0.71875 0.6538461538461539 0.71875 0.7283653846153846 0.7980769230769231 0.7283653846153846
0 0.5889423076923077 0.4975961538461539 0.45913461538461536 0.49759615384615385 0.4591346153846155 0.5793269230769231 0.5889423076923078 0.5793269230769232
0 0.41586538461538475 0.6033653846153846 0.3557692307692309 0.6033653846153846 0.3557692307692309 0.6442307692307693 0.41586538461538475 0.6442307692307693
0 0.36778846153846156 0.3942307692307692 0.3076923076923077 0.3942307692307692 0.3076923076923077 0.4375 0.36778846153846156 0.4375
0 0.7596153846153846 0.4134615384615386 0.6466346153846154 0.4134615384615386 0.6466346153846154 0.4807692307692309 0.7596153846153846 0.4807692307692309
0 0.7427884615384616 0.5072115384615385 0.6947115384615384 0.5072115384615385 0.6947115384615384 0.5408653846153848 0.7427884615384616 0.5408653846153848
0 0.8653846153846154 0.5841346153846155 0.8076923076923077 0.5841346153846155 0.8076923076923077 0.6418269230769231 0.8653846153846154 0.6418269230769231
0 0.8293269230769231 0.7475961538461539 0.7692307692307693 0.7475961538461539 0.7692307692307693 0.8076923076923077 0.8293269230769231 0.8076923076923077
0 0.46875 0.29807692307692313 0.29807692307692313 0.29807692307692313 0.29807692307692313 0.34134615384615385 0.46875 0.34134615384615385