0 0.6754807692307693 0.7163461538461539 0.45432692307692324 0.7163461538461539 0.45432692307692324 0.9014423076923077 0.6754807692307693 0.9014423076923077
0 0.6538461538461539 0.45432692307692313 0.47115384615384615 0.4543269230769231 0.47115384615384615 0.5480769230769231 0.6538461538461539 0.5480769230769232
0 0.7139423076923077 0.3701923076923078 0.5697115384615384 0.3701923076923078 0.5697115384615384 0.43509615384615397 0.7139423076923077 0.43509615384615397
0 0.7019230769230769 0.31009615384615397 0.5985576923076923 0.31009615384615397 0.5985576923076923 0.3509615384615386 0.7019230769230769 0.3509615384615386
0 0.6057692307692307 0.34375000000000006 0.47836538461538464 0.34375 0.47836538461538464 0.40144230769230776 0.6057692307692307 0.4014423076923078
0 0.44711538461538464 0.40384615384615385 0.34615384615384615 0.40384615384615385 0.34615384615384615 0.44711538461538464 0.44711538461538464 0.44711538461538464
0 0.43509615384615385 0.36538461538461536 0.35336538461538464 0.36538461538461536 0.35336538461538464 0.40384615384615385 0.43509615384615385 0.40384615384615385
0 0.4951923076923077 0.31971153846153844 0.4423076923076923 0.31971153846153844 0.4423076923076923 0.34375 0.4951923076923077 0.34375
0 0.625 0.28846153846153855 0.5504807692307693 0.28846153846153855 0.5504807692307693 0.3149038461538462 0.625 0.3149038461538463
0 0.59375 0.264423076923077 0.5144230769230769 0.264423076923077 0.5144230769230769 0.2908653846153847 0.59375 0.2908653846153847
0 0.15625000000000006 0.7091346153846154 0.05528846153846163 0.7091346153846154 0.055288461538461633 0.8004807692307693 0.15625000000000006 0.8004807692307693
0 0.6346153846153846 0.22596153846153852 0.5793269230769231 0.22596153846153852 0.5793269230769231 0.25000000000000006 0.6346153846153846 0.25000000000000006
0 0.3918269230769231 0.3293269230769231 0.3125 0.3293269230769231 0.3125 0.3629807692307692 0.3918269230769231 0.3629807692307692