0 0.37019230769230776 0.5504807692307693 0.16346153846153852 0.5504807692307693 0.16346153846153852 0.6682692307692307 0.3701923076923078 0.6682692307692307
0 0.5769230769230771 0.6466346153846154 0.41586538461538475 0.6466346153846154 0.41586538461538475 0.7644230769230769 0.5769230769230771 0.7644230769230769
0 0.4326923076923078 0.7932692307692307 0.29326923076923084 0.7932692307692307 0.2932692307692309 0.9495192307692307 0.4326923076923078 0.9495192307692307
0 0.7932692307692307 0.9375 0.6802884615384616 0.9375 0.6802884615384616 0.9975961538461539 0.7932692307692307 0.9975961538461539
0 0.21875000000000006 0.4735576923076923 0.13942307692307698 0.4735576923076923 0.13942307692307698 0.53125 0.21875000000000006 0.53125
0 0.13221153846153852 0.4495192307692308 0.045673076923076976 0.4495192307692308 0.04567307692307698 0.5 0.13221153846153852 0.5
0 0.43028846153846156 0.4206730769230769 0.29807692307692313 0.4206730769230769 0.29807692307692313 0.4735576923076923 0.43028846153846156 0.4735576923076923
0 0.2908653846153847 0.4254807692307692 0.21394230769230776 0.4254807692307692 0.21394230769230776 0.4639423076923077 0.2908653846153847 0.4639423076923077
0 0.26201923076923084 0.3870192307692308 0.2163461538461539 0.3870192307692308 0.2163461538461539 0.4182692307692308 0.26201923076923084 0.4182692307692308
0 0.8004807692307693 0.4879807692307694 0.7115384615384616 0.4879807692307694 0.7115384615384616 0.5216346153846155 0.8004807692307693 0.5216346153846155
0 1 0.4927884615384617 0.9302884615384616 0.4927884615384617 0.9302884615384616 0.5673076923076924 1 0.5673076923076924