0 0.3870192307692308 0.43990384615384615 0.3004807692307693 0.43990384615384615 0.3004807692307693 0.4807692307692308 0.3870192307692308 0.4807692307692308
0 0.3629807692307692 0.40384615384615385 0.3028846153846155 0.40384615384615385 0.3028846153846155 0.4326923076923077 0.3629807692307692 0.4326923076923077
0 0.35336538461538475 0.6057692307692307 0.2860576923076924 0.6057692307692307 0.2860576923076924 0.6394230769230769 0.35336538461538475 0.6394230769230769
0 0.3317307692307694 0.6995192307692307 0.2379807692307693 0.6995192307692307 0.2379807692307693 0.7427884615384616 0.3317307692307694 0.7427884615384616
0 0.543269230769231 0.7307692307692307 0.32932692307692324 0.7307692307692307 0.32932692307692324 0.8677884615384616 0.543269230769231 0.8677884615384616
0 0.8942307692307693 0.6346153846153846 0.8413461538461539 0.6346153846153846 0.8413461538461539 0.6850961538461539 0.8942307692307693 0.6850961538461539
0 0.6754807692307693 0.6658653846153846 0.6177884615384616 0.6658653846153846 0.6177884615384616 0.71875 0.6754807692307693 0.71875
0 0.5552884615384616 0.40625 0.5048076923076923 0.40625 0.5048076923076923 0.43028846153846156 0.5552884615384616 0.43028846153846156
0 0.8413461538461539 0.36538461538461553 0.6947115384615384 0.36538461538461553 0.6947115384615384 0.40384615384615397 0.8413461538461539 0.40384615384615397
0 0.9350961538461539 0.42307692307692324 0.8918269230769231 0.42307692307692324 0.8918269230769231 0.4495192307692309 0.9350961538461539 0.4495192307692309
0 0.8846153846153846 0.4495192307692309 0.8413461538461539 0.4495192307692309 0.8413461538461539 0.47355769230769246 0.8846153846153846 0.47355769230769246
0 0.9975961538461539 0.5264423076923078 0.9206730769230769 0.5264423076923078 0.9206730769230769 0.5528846153846155 0.9975961538461539 0.5528846153846155
0 0.9735576923076923 0.5024038461538463 0.9134615384615384 0.5024038461538463 0.9134615384615384 0.5216346153846155 0.9735576923076923 0.5216346153846155
0 0.7091346153846154 0.5625000000000001 0.6442307692307693 0.5625000000000001 0.6442307692307693 0.591346153846154 0.7091346153846154 0.591346153846154
0 0.75 0.6081730769230771 0.7091346153846154 0.6081730769230771 0.7091346153846154 0.6346153846153846 0.75 0.6346153846153846
0 0.6706730769230769 0.8798076923076923 0.5528846153846155 0.8798076923076923 0.5528846153846155 0.9975961538461539 0.6706730769230769 0.9975961538461539