0 0.3990384615384616 0.49759615384615385 0.29326923076923084 0.49759615384615385 0.29326923076923084 0.5913461538461539 0.3990384615384617 0.5913461538461539
0 0.40625 0.4110576923076923 0.3293269230769231 0.4110576923076923 0.3293269230769231 0.47836538461538464 0.40625 0.47836538461538464
0 0.5120192307692307 0.4639423076923077 0.4423076923076923 0.4639423076923077 0.4423076923076923 0.5168269230769231 0.5120192307692307 0.5168269230769231
0 0.6201923076923077 0.4879807692307693 0.5480769230769231 0.4879807692307692 0.5480769230769231 0.5408653846153847 0.6201923076923077 0.5408653846153848
0 0.6225961538461539 0.35096153846153855 0.5528846153846154 0.35096153846153844 0.5528846153846154 0.4158653846153847 0.6225961538461539 0.41586538461538475
0 0.75 0.35336538461538475 0.6850961538461539 0.35336538461538475 0.6850961538461539 0.42788461538461553 0.75 0.42788461538461553
0 0.560096153846154 0.6009615384615385 0.40384615384615397 0.6009615384615384 0.40384615384615397 0.7451923076923077 0.560096153846154 0.7451923076923077
0 0.5697115384615385 0.7740384615384616 0.4639423076923078 0.7740384615384616 0.4639423076923078 0.9134615384615384 0.5697115384615385 0.9134615384615384
0 0.9831730769230769 0.07692307692307704 0.8197115384615384 0.07692307692307702 0.8197115384615384 0.17307692307692318 0.9831730769230769 0.1730769230769232
0 0.5625 0.1658653846153847 0.4519230769230769 0.1658653846153847 0.4519230769230769 0.22355769230769237 0.5625 0.22355769230769237
0 0.38461538461538464 0.264423076923077 0.31490384615384615 0.264423076923077 0.31490384615384615 0.3076923076923077 0.38461538461538464 0.3076923076923077
0 0.30288461538461536 0.18750000000000003 0.23798076923076922 0.1875 0.23798076923076922 0.24038461538461542 0.30288461538461536 0.24038461538461545
0 0.24278846153846156 0.2403846153846154 0.18509615384615385 0.2403846153846154 0.18509615384615388 0.2932692307692308 0.24278846153846162 0.2932692307692308
0 0.18269230769230774 0.2692307692307692 0.08413461538461542 0.2692307692307692 0.08413461538461542 0.33413461538461536 0.18269230769230776 0.33413461538461536
0 0.28125000000000006 0.34375 0.1850961538461539 0.34375 0.1850961538461539 0.4254807692307692 0.28125000000000006 0.4254807692307692
0 0.37259615384615385 0.31009615384615385 0.3173076923076923 0.31009615384615385 0.3173076923076923 0.35336538461538464 0.37259615384615385 0.35336538461538464
0 0.78125 0.22355769230769237 0.7211538461538461 0.22355769230769237 0.7211538461538461 0.26682692307692313 0.78125 0.26682692307692313